wait(0.2)
plr = game.Players.LocalPlayer
chr = plr.Character
Head = chr.Head
Root = chr.HumanoidRootPart
Torso = chr.Torso
RArm = chr["Right Arm"]
LArm = chr["Left Arm"]
RLeg = chr["Right Leg"]
LLeg = chr["Left Leg"]
RJ = Root.RootJoint
Neck = Torso.Neck
LS = Torso["Left Shoulder"]
LH = Torso["Left Hip"]
RS = Torso["Right Shoulder"]
RH = Torso["Right Hip"]
hum = chr:FindFirstChildOfClass("Humanoid")
mouse = plr:GetMouse()
local script = Instance.new("Script",chr)
Pose = "Idle"
attack = false
combo = 1
sin = 0
cha = 1
ea = false
coloriz = 1
color = "Institutional white"
color2 = "Really black"
FELOADLIBRARY = {}
loadstring(game:GetObjects("rbxassetid://5209815302")[1].Source)()
local Create= FELOADLIBRARY.Create
local create = Create
pcall(game.Destroy,chr.Animate)
pcall(game.Destroy,hum.Animator)
function clerp(a, b, t)
	return a:lerp(b, t)
end
local newMotor = function(p0, p1, c0, c1)
	local w = Instance.new("Motor", p0)
	w.Part0 = p0
	w.Part1 = p1
	w.C0 = c0
	w.C1 = c1
	return w
end
RJ.C0, RJ.C1 = CFrame.new(0, 0, 0), CFrame.new(0, 0, 0)
Neck.C0, Neck.C1 = CFrame.new(0, 1.5, 0), CFrame.new(0, 0, 0)
local RS = newMotor(Torso, RArm, CFrame.new(1.5, 0, 0), CFrame.new(0, 0, 0))
local LS = newMotor(Torso, LArm, CFrame.new(-1.5, 0, 0), CFrame.new(0, 0, 0))
local RH = newMotor(Torso, RLeg, CFrame.new(0.5, -2, 0), CFrame.new(0, 0, 0))
local LH = newMotor(Torso, LLeg, CFrame.new(-0.5, -2, 0), CFrame.new(0, 0, 0))
function NoOutline(Part)
	Part.TopSurface, Part.BottomSurface, Part.LeftSurface, Part.RightSurface, Part.FrontSurface, Part.BackSurface = 10, 10, 10, 10, 10, 10
end
function rayCast(Position, Direction, Range, Ignore)
	return game:service("Workspace"):FindPartOnRay(Ray.new(Position, Direction.unit * (Range or 999.999)), Ignore)
end
ArtificialHB = create("BindableEvent")({Parent = script, Name = "Heartbeat"})
script:WaitForChild("Heartbeat")
frame = 0.016666666666666666
tf = 0
allowframeloss = false
tossremainder = false
lastframe = tick()
script.Heartbeat:Fire()
game:GetService("RunService").Heartbeat:connect(function(s, p)
	tf = tf + s
	if tf >= frame then
		if allowframeloss then
			script.Heartbeat:Fire()
			lastframe = tick()
		else
			for i = 1, math.floor(tf / frame) do
				script.Heartbeat:Fire()
			end
			lastframe = tick()
		end
		if tossremainder then
			tf = 0
		else
			tf = tf - frame * math.floor(tf / frame)
		end
	end
end)
function swait(num)
	if num == 0 or num == nil then
		ArtificialHB.Event:wait()
	else
		for i = 0, num do
			ArtificialHB.Event:wait()
		end
	end
end
function parts(Par, name, size, color, mat, ref, tra)
	local part = create("Part")({
		Parent = Par,
		Name = name,
		Size = size,
		CanCollide = false,
		Anchored = false,
		BrickColor = BrickColor.new(color),
		Material = mat,
		Reflectance = ref,
		Transparency = tra
	})
	NoOutline(part)
	part:BreakJoints()
	return part
end
function meshs(Par, name, scale, mtype, id)
	local mesh = create("SpecialMesh")({
		Parent = Par,
		Name = name,
		Scale = scale,
		MeshType = mtype
	})
	if id ~= "" then
		mesh.MeshId = "rbxassetid://" .. id
	end
	return meshs
end
function welds(Par, name, p0, p1, c0, c1)
	local weld = create("Weld")({
		Parent = Par,
		Name = name,
		Part0 = p0,
		Part1 = p1,
		C0 = c0,
		C1 = c1
	})
	return weld
end
function sounds(Par, id, vol, pit)
	local sound = create("Sound")({
		Parent = Par,
		SoundId = "rbxassetid://" .. id,
		Volume = vol,
		PlaybackSpeed = pit,
		MaxDistance = 66666666
	})
	sound:Play()
	game:GetService("Debris"):AddItem(sound, 20)
	return sound
end
m = create("Model")({Parent = chr, Name = "WModel"})
e = create("Model")({Parent = chr, Name = "Effect"})
local soundasd = create("Sound")({
	Parent = chr,
	SoundId = "rbxassetid://1347011178",
	Volume = 1,
	PlaybackSpeed = 1,
	Looped = true
})
soundasd:Play()
sp1 = create("NumberValue")({
	Name = "sp1",
	Value = 0,
	Parent = chr
})
sp2 = create("NumberValue")({
	Name = "sp2",
	Value = 0,
	Parent = chr
})
Speedz = create("NumberValue")({
	Name = "Speed",
	Value = 16,
	Parent = chr
})
Jumpz = create("NumberValue")({
	Name = "Jump",
	Value = 50,
	Parent = chr
})
main = parts(m, "main", Vector3.new(0.1, 0.1, 0.1), color, Enum.Material.Neon, 0, 1)
mainWeld = welds(main, "mainWeld", Root, main, CFrame.new(0, 0, 0, 1, 0, 0, 0, 1, 0, 0, 0, 1), CFrame.new(0, 0, 0, 1, 0, 0, 0, 1, 0, 0, 0, 1))
Cube = parts(m, "Cube", Vector3.new(1.20000005, 1.20000005, 1.20000005), color, Enum.Material.Neon, 0, 0)
CubeWeld = welds(Cube, "CubeWeld", main, Cube, CFrame.new(0, 0, 7, 1, 0, 0, 0, 1, 0, 0, 0, 1), CFrame.new(0, 0, 0, 1, 0, 0, 0, 1, 0, 0, 0, 1))
meshs(Cube, "Mesh", Vector3.new(0.99000001, 0.99000001, 0.99000001), Enum.MeshType.Brick, "")
Part = parts(m, "Part", Vector3.new(0.0999999866, 1.20000005, 0.099999927), color2, Enum.Material.SmoothPlastic, 0, 0)
PartWeld = welds(Part, "PartWeld", Cube, Part, CFrame.new(0, 0, 0, 1, 0, 0, 0, 1, 0, 0, 0, 1), CFrame.new(-0.549995422, -4.76837158E-7, 0.550001144, 1, 0, 1.39925692E-6, -1.39925714E-6, -1.13686838E-13, 0.99999994, 0, -1, 0))
Part = parts(m, "Part", Vector3.new(0.0999999866, 1.20000005, 0.099999927), color2, Enum.Material.SmoothPlastic, 0, 0)
PartWeld = welds(Part, "PartWeld", Cube, Part, CFrame.new(0, 0, 0, 1, 0, 0, 0, 1, 0, 0, 0, 1), CFrame.new(0.550008774, -4.76837158E-7, 0.550001144, 1, 0, 1.39925692E-6, -1.39925714E-6, -1.13686838E-13, 0.99999994, 0, -1, 0))
Part = parts(m, "Part", Vector3.new(0.0999999866, 1.20000005, 0.099999927), color2, Enum.Material.SmoothPlastic, 0, 0)
PartWeld = welds(Part, "PartWeld", Cube, Part, CFrame.new(0, 0, 0, 1, 0, 0, 0, 1, 0, 0, 0, 1), CFrame.new(-0.549995422, -4.76837158E-7, -0.550002098, 1, 0, 1.39925692E-6, -1.39925714E-6, -1.13686838E-13, 0.99999994, 0, -1, 0))
Part = parts(m, "Part", Vector3.new(0.0999999866, 1.20000005, 0.099999927), color2, Enum.Material.SmoothPlastic, 0, 0)
PartWeld = welds(Part, "PartWeld", Cube, Part, CFrame.new(0, 0, 0, 1, 0, 0, 0, 1, 0, 0, 0, 1), CFrame.new(0.550008774, -4.76837158E-7, -0.550002098, 1, 0, 1.39925692E-6, -1.39925714E-6, -1.13686838E-13, 0.99999994, 0, -1, 0))
Part = parts(m, "Part", Vector3.new(0.0999999866, 1.20000005, 0.099999927), color2, Enum.Material.SmoothPlastic, 0, 0)
PartWeld = welds(Part, "PartWeld", Cube, Part, CFrame.new(0, 0, 0, 1, 0, 0, 0, 1, 0, 0, 0, 1), CFrame.new(0.550008774, 0, 0.550001621, 1, 0, 0, 0, 1, 0, 0, 0, 1))
Part = parts(m, "Part", Vector3.new(0.0999999866, 1.20000005, 0.099999927), color2, Enum.Material.SmoothPlastic, 0, 0)
PartWeld = welds(Part, "PartWeld", Cube, Part, CFrame.new(0, 0, 0, 1, 0, 0, 0, 1, 0, 0, 0, 1), CFrame.new(0.550008774, -1.90734863E-6, -0.549999714, 1, 0, 0, 0, 1, 0, 0, 0, 1))
Part = parts(m, "Part", Vector3.new(0.0999999866, 1.20000005, 0.099999927), color2, Enum.Material.SmoothPlastic, 0, 0)
PartWeld = welds(Part, "PartWeld", Cube, Part, CFrame.new(0, 0, 0, 1, 0, 0, 0, 1, 0, 0, 0, 1), CFrame.new(-0.549995422, -3.81469727E-6, -0.550000668, 1, 0, 0, 0, 1, 0, 0, 0, 1))
Part = parts(m, "Part", Vector3.new(0.0999999866, 1.20000005, 0.099999927), color2, Enum.Material.SmoothPlastic, 0, 0)
PartWeld = welds(Part, "PartWeld", Cube, Part, CFrame.new(0, 0, 0, 1, 0, 0, 0, 1, 0, 0, 0, 1), CFrame.new(0.549998283, -1.90734863E-6, 0.550001621, 0, 1, 0, -1, 0, 0, 0, 0, 1))
Part = parts(m, "Part", Vector3.new(0.0999999866, 1.20000005, 0.099999927), color2, Enum.Material.SmoothPlastic, 0, 0)
PartWeld = welds(Part, "PartWeld", Cube, Part, CFrame.new(0, 0, 0, 1, 0, 0, 0, 1, 0, 0, 0, 1), CFrame.new(0.549998283, -3.81469727E-6, -0.549999714, 0, 1, 0, -1, 0, 0, 0, 0, 1))
Part = parts(m, "Part", Vector3.new(0.0999999866, 1.20000005, 0.099999927), color2, Enum.Material.SmoothPlastic, 0, 0)
PartWeld = welds(Part, "PartWeld", Cube, Part, CFrame.new(0, 0, 0, 1, 0, 0, 0, 1, 0, 0, 0, 1), CFrame.new(-0.550005913, -5.7220459E-6, -0.550000668, 0, 1, 0, -1, 0, 0, 0, 0, 1))
Part = parts(m, "Part", Vector3.new(0.0999999866, 1.20000005, 0.099999927), color2, Enum.Material.SmoothPlastic, 0, 0)
PartWeld = welds(Part, "PartWeld", Cube, Part, CFrame.new(0, 0, 0, 1, 0, 0, 0, 1, 0, 0, 0, 1), CFrame.new(0.549998283, -3.81469727E-6, 0.549999237, 0, 1, 0, -1, 0, 0, 0, 0, 1))
Part = parts(m, "Part", Vector3.new(0.0999999866, 1.20000005, 0.099999927), color2, Enum.Material.SmoothPlastic, 0, 0)
PartWeld = welds(Part, "PartWeld", Cube, Part, CFrame.new(0, 0, 0, 1, 0, 0, 0, 1, 0, 0, 0, 1), CFrame.new(-0.550005913, -5.7220459E-6, 0.549998283, 0, 1, 0, -1, 0, 0, 0, 0, 1))
Part = parts(m, "Part", Vector3.new(0.0999999866, 1.20000005, 0.099999927), color2, Enum.Material.SmoothPlastic, 0, 0)
PartWeld = welds(Part, "PartWeld", Cube, Part, CFrame.new(0, 0, 0, 1, 0, 0, 0, 1, 0, 0, 0, 1), CFrame.new(0.54999733, 7.62939453E-6, 0.549999714, -1, 0, 0, 0, -1, 0, 0, 0, 1))
Part = parts(m, "Part", Vector3.new(0.0999999866, 1.20000005, 0.099999927), color2, Enum.Material.SmoothPlastic, 0, 0)
PartWeld = welds(Part, "PartWeld", Cube, Part, CFrame.new(0, 0, 0, 1, 0, 0, 0, 1, 0, 0, 0, 1), CFrame.new(-0.550004959, 5.7220459E-6, 0.54999876, -1, 0, 0, 0, -1, 0, 0, 0, 1))
Part = parts(m, "Part", Vector3.new(1.20000017, 0.200000003, 1.4000001), color2, Enum.Material.SmoothPlastic, 0, 0)
PartWeld = welds(Part, "PartWeld", Cube, Part, CFrame.new(0, 0, 0, 1, 0, 0, 0, 1, 0, 0, 0, 1), CFrame.new(-5.7220459E-6, 0, 0, 1, 0, 0, 0, -0.707106829, -0.707106829, 0, 0.707106829, -0.707106829))
Part = parts(m, "Part", Vector3.new(1.20000017, 0.200000003, 1.4000001), color2, Enum.Material.SmoothPlastic, 0, 0)
PartWeld = welds(Part, "PartWeld", Cube, Part, CFrame.new(0, 0, 0, 1, 0, 0, 0, 1, 0, 0, 0, 1), CFrame.new(-5.7220459E-6, 0, 0, 1, 0, 0, 0, 0.707106829, -0.707106829, 0, 0.707106829, 0.707106829))
Part = parts(m, "Part", Vector3.new(1.20000017, 0.200000003, 1.4000001), color2, Enum.Material.SmoothPlastic, 0, 0)
PartWeld = welds(Part, "PartWeld", Cube, Part, CFrame.new(0, 0, 0, 1, 0, 0, 0, 1, 0, 0, 0, 1), CFrame.new(0, -1.90734863E-6, 5.7220459E-6, 0, 1, 0, 0.707106352, 0, -0.707107365, -0.707107365, 0, -0.707106352))
Part = parts(m, "Part", Vector3.new(1.20000017, 0.200000003, 1.4000001), color2, Enum.Material.SmoothPlastic, 0, 0)
PartWeld = welds(Part, "PartWeld", Cube, Part, CFrame.new(0, 0, 0, 1, 0, 0, 0, 1, 0, 0, 0, 1), CFrame.new(0, 5.7220459E-6, 5.7220459E-6, 0, 1, 0, -0.707106352, 0, -0.707107365, -0.707107365, 0, 0.707106352))
Part = parts(m, "Part", Vector3.new(1.20000017, 0.200000003, 1.4000001), color2, Enum.Material.SmoothPlastic, 0, 0)
PartWeld = welds(Part, "PartWeld", Cube, Part, CFrame.new(0, 0, 0, 1, 0, 0, 0, 1, 0, 0, 0, 1), CFrame.new(-4.76837158E-7, -3.81469727E-6, 5.7220459E-6, 0, 0, 1, 0.707106352, 0.707107365, 0, -0.707107365, 0.707106352, 0))
Part = parts(m, "Part", Vector3.new(1.20000017, 0.200000003, 1.4000001), color2, Enum.Material.SmoothPlastic, 0, 0)
PartWeld = welds(Part, "PartWeld", Cube, Part, CFrame.new(0, 0, 0, 1, 0, 0, 0, 1, 0, 0, 0, 1), CFrame.new(-4.76837158E-7, 3.81469727E-6, 5.7220459E-6, 0, 0, 1, -0.707106352, 0.707107365, 0, -0.707107365, -0.707106352, 0))
local an = parts(m, "an", Vector3.new(0.2, 0.2, 0.2), "Institutional white", Enum.Material.SmoothPlastic, 0, 1)
aa = create("BodyVelocity")({
	Parent = an,
	MaxForce = Vector3.new(math.huge, math.huge, math.huge),
	Velocity = an.CFrame.lookVector * 0
})
local A1 = create("Attachment")({
	Parent = Cube,
	Position = Vector3.new(0, 1.2, 0)
})
local A2 = create("Attachment")({
	Parent = Cube,
	Position = Vector3.new(0, -1.2, 0)
})
local Trail = create("Trail")({
	Parent = Cube,
	LightEmission = 0.5,
	FaceCamera = true,
	Texture = "rbxassetid://945758042",
	Attachment0 = A1,
	Attachment1 = A2,
	Lifetime = 2,
	MinLength = 0,
	TextureLength = 0.3,
	Transparency = NumberSequence.new(0.2, 1),
	Color = ColorSequence.new(BrickColor.new(color).Color)
})
aaa = NumberSequence.new({
	NumberSequenceKeypoint.new(0, 30),
	NumberSequenceKeypoint.new(1, 15)
})
bbb = NumberSequence.new({
	NumberSequenceKeypoint.new(0, 1),
	NumberSequenceKeypoint.new(0.04, 0),
	NumberSequenceKeypoint.new(1, 1)
})
local Efect = create("ParticleEmitter")({
	Color = ColorSequence.new(BrickColor.new(color).Color),
	LightEmission = 1,
	LightInfluence = 1,
	Texture = "rbxassetid://311598000",
	Transparency = bbb,
	Size = aaa,
	ZOffset = 0.5,
	Acceleration = Vector3.new(0, 2, 0),
	LockedToPart = false,
	EmissionDirection = "Top",
	Lifetime = NumberRange.new(0.5, 1),
	Rate = 1000,
	Rotation = NumberRange.new(-100, 100),
	RotSpeed = NumberRange.new(-100, 100),
	Speed = NumberRange.new(400),
	VelocitySpread = 90,
	Enabled = false,
	Parent = Root
})
local Buff = create("BillboardGui")({
	Size = UDim2.new(5, 0, 15, 0),
	Adornee = Root,
	Parent = Root,
	ExtentsOffset = Vector3.new(0, 3, 0),
	AlwaysOnTop = true
})
local BuffLabel = create("TextLabel")({
	AnchorPoint = Vector2.new(0.5, 0.5),
	BackgroundTransparency = 1,
	TextStrokeTransparency = 1,
	TextTransparency = 1,
	TextColor3 = Color3.new(0, 1, 1),
	Position = UDim2.new(0.5, 0, 0.5, 0),
	Size = UDim2.new(1.5, 0, 0.2, 0),
	Text = "Damage+",
	Font = "SourceSansBold",
	TextScaled = true,
	Parent = Buff
})
function Damage(Type, Partzz, hit, dmg, delay, hs, hv, hp)
	if hit.Parent == nil then
		return
	end
	local h = hit.Parent:FindFirstChildOfClass("Humanoid")
	for _, v in pairs(hit.Parent:children()) do
		if v:IsA("Humanoid") then
			h = v
		end
	end
	if h ~= nil and hit.Parent.Name ~= chr.Name then
		if hit.Parent:findFirstChild("AHit") == nil then
			h.Health = h.Health - dmg
			if h.Health == math.huge then
				hit.Parent:BreakJoints()
			end
		end
		if hit.Parent:findFirstChild("AHit") == nil then
			local c = create("BoolValue")({
				Name = "AHit",
				Value = true,
				Parent = hit.Parent
			})
			game:GetService("Debris"):AddItem(c, delay)
			if hs ~= "" and hit.Parent.Head.Parent ~= nil then
				sounds(hit.Parent.Head, hs, hv, hp)
			end
			if Type == "Disappear" then
				Part.Parent = nil
			elseif Type == "None" then
			end
		end
	end
end
function Mdamage(Type, Partzz, Magn, Dmg, delay, hs, hv, hp)
	for _, c in pairs(workspace:children()) do
		local hum = c:findFirstChildOfClass("Humanoid")
		if hum ~= nil then
			local ddee = c:findFirstChild("Head")
			if ddee ~= nil then
				local targ = ddee.Position - Partzz.Position
				local mag = targ.magnitude
				if Magn >= mag and c.Name ~= plr.Name then
					Damage(Type, Partzz, ddee, Dmg, delay, hs, hv, hp)
					if hum.Health == math.huge then
						ddee:BreakJoints()
					end
				end
			end
		end
	end
end
function effect(par, color, CF, x, y, z, x1, y1, z1, de, mtyp, typ, rad, id, pp)
	local ex = create("Part")({
		Size = Vector3.new(0.2, 0.2, 0.2),
		BrickColor = BrickColor.new(color),
		CanCollide = false,
		Material = "Neon",
		Anchored = true,
		CFrame = CF,
		Parent = par
	})
	NoOutline(ex)
	local exe = create("SpecialMesh")({
		Scale = Vector3.new(x, y, z),
		MeshType = mtyp,
		Parent = ex
	})
	if mtyp == "FileMesh" and id ~= "" then
		exe.MeshId = "rbxassetid://" .. id
	end
	game:GetService("Debris"):AddItem(ex, 10)
	local ez = ex.CFrame
	local nu = 0
	local no = math.random() - math.random()
	coroutine.resume(coroutine.create(function()
		if typ == 5 then
			ex.Transparency = 1
			for i = 1, -0.1, de do
				swait()
				ex.Transparency = i
				exe.Scale = exe.Scale + Vector3.new(x1, y1, z1)
				if pp ~= nil then
					ex.CFrame = pp.CFrame
				end
			end
		else
			for i = 0, 1.1, de do
				swait()
				if typ ~= 6 then
					ex.Transparency = i
				end
				exe.Scale = exe.Scale + Vector3.new(x1, y1, z1)
				if typ == 1 then
					ex.CFrame = ex.CFrame * CFrame.Angles(math.random(-360, 360), math.random(-360, 360), math.random(-360, 360))
				elseif typ == 2 then
					ex.CFrame = ex.CFrame * CFrame.Angles(0, math.rad(rad), 0)
				elseif pp ~= nil and typ ~= 3 then
					ex.CFrame = pp.CFrame
				elseif pp ~= nil and typ == 3 then
					ex.CFrame = pp.CFrame * CFrame.new(0, -2, 0) * CFrame.Angles(math.random(-360, 360), math.random(-360, 360), math.random(-360, 360))
				elseif typ == 4 then
					ex.CFrame = ex.CFrame * CFrame.new(0, 0, rad)
				elseif typ == 8 then
					nu = nu + no
					ez = ez * CFrame.new(0, math.random(100, 200) / 90, 0)
					ex.CFrame = ez * CFrame.Angles(nu, 0, 0)
				end
			end
		end
		ex:Remove()
	end))
end
crosses = {}
function cross(x1, y1, z1)
	local e2 = create("Model")({Parent = chr, Name = "Effect2"})
	local reffs = parts(e2, "reffs", Vector3.new(0.2, 0.2, 0.2), "Institutional white", Enum.Material.SmoothPlastic, 0, 1)
	local reffy = parts(e2, "reffy", Vector3.new(4, 4, 4), "Institutional white", Enum.Material.SmoothPlastic, 0, 1)
	local reffyWeld = welds(reffy, "reffyWeld", reffs, reffy, CFrame.new(0, 0, 0), CFrame.new(0, 0, 0))
	reffs.Anchored = true
	reffs.CFrame = an.CFrame * CFrame.new(x1, y1, z1)
	reffy.CFrame = reffs.CFrame
	local aa = create("BodyVelocity")({
		Parent = reffy,
		MaxForce = Vector3.new(math.huge, math.huge, math.huge),
		Velocity = reffy.CFrame.lookVector * 0
	})
	local whaaa = create("BoolValue")({
		Name = "what",
		Value = false,
		Parent = reffy
	})
	local oaksdo = parts(e2, "oaksdo", Vector3.new(0.200000003, 0.200000003, 0.200000003), "Institutional white", Enum.Material.SmoothPlastic, 0, 1)
	local oaksdoWeld = welds(oaksdo, "oaksdoWeld", reffy, oaksdo, CFrame.new(0, 0, 0, 1, 0, 0, 0, 1, 0, 0, 0, 1), CFrame.new(0, -5.96046448E-8, -3.29997253, 1, -8.8817842E-16, 0, -8.8817842E-16, 1, 0, 0, 0, 1))
	sounds(oaksdo, "171951986", 1.3, 0.9)
	sounds(oaksdo, "677958398", 1.2, 1.4)
	effect(e, color, oaksdo.CFrame, 30, 30, 30, 26, 26, 26, 0.06, "Sphere", 7, 0, "", oaksdo)
	effect(e, color, oaksdo.CFrame, 80, 15, 3, 9, 0.2, 4, 0.03, "Sphere", 7, 0, "", oaksdo)
	effect(e, color, reffy.CFrame, 3, 15, 160, 4, 0.2, 9, 0.03, "Sphere", 7, 0, "", reffy)
	local A1 = create("Attachment")({
		Parent = oaksdo,
		Position = Vector3.new(24, 0, 0)
	})
	local A2 = create("Attachment")({
		Parent = oaksdo,
		Position = Vector3.new(-24, 0, 0)
	})
	local Trail22 = create("Trail")({
		Parent = oaksdo,
		LightEmission = 1,
		FaceCamera = false,
		Texture = "rbxassetid://945758042",
		Attachment0 = A1,
		Attachment1 = A2,
		Lifetime = 1.5,
		MinLength = 0,
		TextureLength = 0.3,
		Transparency = NumberSequence.new(0.2, 1),
		Color = ColorSequence.new(BrickColor.new(color).Color),
		Enabled = false
	})
	local Cross = parts(e2, "Cross", Vector3.new(0.800000012, 2.49999976, 8.3000021), "Institutional white", Enum.Material.Neon, 0, 0)
	local CrossWeld = welds(Cross, "CrossWeld", reffy, Cross, CFrame.new(0, 0, 0, 1, 0, 0, 0, 1, 0, 0, 0, 1), CFrame.new(3.27825546E-7, -1.24998474, 13.8500748, -1.19872584E-5, -1, -1.99781789E-6, -1, 1.19872584E-5, 8.58562998E-10, -8.44011083E-10, 1.99781789E-6, -1))
	meshs(Cross, "Mesh", Vector3.new(1, 1, 1), Enum.MeshType.Wedge, "")
	local Cross = parts(e2, "Cross", Vector3.new(0.800000012, 2.49999976, 8.29998875), "Institutional white", Enum.Material.Neon, 0, 0)
	local CrossWeld = welds(Cross, "CrossWeld", reffy, Cross, CFrame.new(0, 0, 0, 1, 0, 0, 0, 1, 0, 0, 0, 1), CFrame.new(-0.00134676695, -1.24651527, 13.8501701, 1.20127388E-5, 1, 1.41997822E-4, 0.99999994, -1.19611932E-5, -3.63000843E-4, -3.62999155E-4, 1.42002173E-4, -0.99999994))
	meshs(Cross, "Mesh", Vector3.new(1, 1, 1), Enum.MeshType.Wedge, "")
	local Cross = parts(e2, "Cross", Vector3.new(0.800000012, 2.49999976, 8.3000021), "Institutional white", Enum.Material.Neon, 0, 0)
	local CrossWeld = welds(Cross, "CrossWeld", reffy, Cross, CFrame.new(0, 0, 0, 1, 0, 0, 0, 1, 0, 0, 0, 1), CFrame.new(-0.0018132925, 1.95083618, 10.6480846, 1.1200364E-4, 1, 9.19796221E-5, -3.64999229E-4, 9.20204911E-5, -0.99999994, -0.99999994, 1.11970061E-4, 3.65009531E-4))
	meshs(Cross, "Mesh", Vector3.new(1, 1, 1), Enum.MeshType.Wedge, "")
	local Cross = parts(e2, "Cross", Vector3.new(0.800000012, 2.49999976, 8.29998875), "Institutional white", Enum.Material.Neon, 0, 0)
	local CrossWeld = welds(Cross, "CrossWeld", reffy, Cross, CFrame.new(0, 0, 0, 1, 0, 0, 0, 1, 0, 0, 0, 1), CFrame.new(8.36879015E-4, -4.44849396, 10.6493454, 3.29965442E-5, -1, -9.10060116E-5, 9.99265467E-7, -9.10059753E-5, 1, -1, -3.29966351E-5, 9.96267772E-7))
	meshs(Cross, "Mesh", Vector3.new(1, 1, 1), Enum.MeshType.Wedge, "")
	local Cross = parts(e2, "Cross", Vector3.new(0.800000012, 2.49999976, 8.3000021), "Institutional white", Enum.Material.Neon, 0, 0)
	local CrossWeld = welds(Cross, "CrossWeld", reffy, Cross, CFrame.new(0, 0, 0, 1, 0, 0, 0, 1, 0, 0, 0, 1), CFrame.new(0.00106802583, 1.94846725, -2.34840584, -1.10996545E-4, -1, -5.29798053E-5, -1.00074976E-6, 5.29799145E-5, -1, 1, -1.10996487E-4, -1.00662874E-6))
	meshs(Cross, "Mesh", Vector3.new(1, 1, 1), Enum.MeshType.Wedge, "")
	local Cross = parts(e2, "Cross", Vector3.new(0.800000012, 2.49999976, 8.29998875), "Institutional white", Enum.Material.Neon, 0, 0)
	local CrossWeld = welds(Cross, "CrossWeld", reffy, Cross, CFrame.new(0, 0, 0, 1, 0, 0, 0, 1, 0, 0, 0, 1), CFrame.new(-1.50591135E-4, -4.45084381, -2.34715271, -3.40036459E-5, 1, 5.20061949E-5, 3.63000785E-4, -5.19938476E-5, 0.99999994, 0.99999994, 3.4022516E-5, -3.6299901E-4))
	meshs(Cross, "Mesh", Vector3.new(1, 1, 1), Enum.MeshType.Wedge, "")
	local Cross = parts(e2, "Cross", Vector3.new(0.800000012, 2.49999976, 18.6000023), "Institutional white", Enum.Material.Neon, 0, 0)
	local CrossWeld = welds(Cross, "CrossWeld", reffy, Cross, CFrame.new(0, 0, 0, 1, 0, 0, 0, 1, 0, 0, 0, 1), CFrame.new(6.71952963E-4, -1.24765205, 12.7008324, -6.60015794E-5, -1, -1.42235163E-4, 1, -6.6001754E-5, 1.26347004E-6, -1.24191865E-6, -1.4220411E-4, 1))
	meshs(Cross, "Mesh", Vector3.new(1, 1, 1), Enum.MeshType.Wedge, "")
	local Cross = parts(e2, "Cross", Vector3.new(0.800000012, 2.49999976, 8.29998875), "Institutional white", Enum.Material.Neon, 0, 0)
	local CrossWeld = welds(Cross, "CrossWeld", reffy, Cross, CFrame.new(0, 0, 0, 1, 0, 0, 0, 1, 0, 0, 0, 1), CFrame.new(-0.00159785151, -1.2488842, 0.75006485, 1.20127388E-5, 1, 1.41997822E-4, 0.99999994, -1.19610504E-5, -3.64000851E-4, -3.63999163E-4, 1.42002187E-4, -0.99999994))
	meshs(Cross, "Mesh", Vector3.new(1, 1, 1), Enum.MeshType.Wedge, "")
	local Cross = parts(e2, "Cross", Vector3.new(0.800000012, 2.49999976, 8.3000021), "Institutional white", Enum.Material.Neon, 0, 0)
	local CrossWeld = welds(Cross, "CrossWeld", reffy, Cross, CFrame.new(0, 0, 0, 1, 0, 0, 0, 1, 0, 0, 0, 1), CFrame.new(0.00208094716, -1.25236893, 0.749977112, -1.19872584E-5, -1, -1.99781789E-6, -1, 1.19872611E-5, -9.991345E-7, 9.99149051E-7, 1.99780334E-6, -1))
	meshs(Cross, "Mesh", Vector3.new(1, 1, 1), Enum.MeshType.Wedge, "")
	local Cross = parts(e2, "Cross", Vector3.new(0.800000012, 2.49999976, 8.3000021), "Institutional white", Enum.Material.Neon, 0, 0)
	local CrossWeld = welds(Cross, "CrossWeld", reffy, Cross, CFrame.new(0, 0, 0, 1, 0, 0, 0, 1, 0, 0, 0, 1), CFrame.new(-8.71568918E-4, 1.9484787, -2.25188637, 1.1200364E-4, 1, 9.19796221E-5, -3.64999229E-4, 9.20204911E-5, -0.99999994, -0.99999994, 1.11970061E-4, 3.65009531E-4))
	meshs(Cross, "Mesh", Vector3.new(1, 1, 1), Enum.MeshType.Wedge, "")
	local Cross = parts(e2, "Cross", Vector3.new(0.800000012, 2.49999976, 8.29998875), "Institutional white", Enum.Material.Neon, 0, 0)
	local CrossWeld = welds(Cross, "CrossWeld", reffy, Cross, CFrame.new(0, 0, 0, 1, 0, 0, 0, 1, 0, 0, 0, 1), CFrame.new(0.00176566839, -4.45082855, -2.25062561, 3.29965442E-5, -1, -9.10060116E-5, 9.99265467E-7, -9.10059753E-5, 1, -1, -3.29966351E-5, 9.96267772E-7))
	meshs(Cross, "Mesh", Vector3.new(1, 1, 1), Enum.MeshType.Wedge, "")
	local Cross = parts(e2, "Cross", Vector3.new(0.800000012, 2.49999976, 8.3000021), "Institutional white", Enum.Material.Neon, 0, 0)
	local CrossWeld = welds(Cross, "CrossWeld", reffy, Cross, CFrame.new(0, 0, 0, 1, 0, 0, 0, 1, 0, 0, 0, 1), CFrame.new(1.3923645E-4, 1.95080185, 10.5515842, -1.10996545E-4, -1, -5.29798053E-5, -1.00074976E-6, 5.29799145E-5, -1, 1, -1.10996487E-4, -1.00662874E-6))
	meshs(Cross, "Mesh", Vector3.new(1, 1, 1), Enum.MeshType.Wedge, "")
	local Cross = parts(e2, "Cross", Vector3.new(0.800000012, 2.49999976, 8.29998875), "Institutional white", Enum.Material.Neon, 0, 0)
	local CrossWeld = welds(Cross, "CrossWeld", reffy, Cross, CFrame.new(0, 0, 0, 1, 0, 0, 0, 1, 0, 0, 0, 1), CFrame.new(-0.00109228492, -4.44850922, 10.5528355, -3.40036459E-5, 1, 5.20061949E-5, 3.63000785E-4, -5.19938476E-5, 0.99999994, 0.99999994, 3.4022516E-5, -3.6299901E-4))
	meshs(Cross, "Mesh", Vector3.new(1, 1, 1), Enum.MeshType.Wedge, "")
	local Cross = parts(e2, "Cross", Vector3.new(0.800000012, 2.49999976, 8.29998875), "Institutional white", Enum.Material.Neon, 0, 0)
	local CrossWeld = welds(Cross, "CrossWeld", reffy, Cross, CFrame.new(0, 0, 0, 1, 0, 0, 0, 1, 0, 0, 0, 1), CFrame.new(0.00194120407, -1.25003242, -5.54913712, -6.60127407E-5, -1, -1.41987999E-4, 1, -6.60127407E-5, -4.75847628E-9, -4.62750904E-9, -1.41987999E-4, 1))
	meshs(Cross, "Mesh", Vector3.new(1, 1, 1), Enum.MeshType.Wedge, "")
	local Cross = parts(e2, "Cross", Vector3.new(0.800000012, 2.49999976, 8.3000021), "Institutional white", Enum.Material.Neon, 0, 0)
	local CrossWeld = welds(Cross, "CrossWeld", reffy, Cross, CFrame.new(0, 0, 0, 1, 0, 0, 0, 1, 0, 0, 0, 1), CFrame.new(-5.74678183E-4, -1.25352097, -5.54923248, 6.59872603E-5, 1, 1.98799535E-6, -0.99999994, 6.59865254E-5, 3.65004758E-4, 3.65004642E-4, -2.01207877E-6, 1))
	meshs(Cross, "Mesh", Vector3.new(1, 1, 1), Enum.MeshType.Wedge, "")
	local Cross = parts(e2, "Cross", Vector3.new(0.800000012, 2.49999976, 18.5000114), "Institutional white", Enum.Material.Neon, 0, 0)
	local CrossWeld = welds(Cross, "CrossWeld", reffy, Cross, CFrame.new(0, 0, 0, 1, 0, 0, 0, 1, 0, 0, 0, 1), CFrame.new(-0.00114879012, -1.25113106, 12.6507683, 6.59760553E-5, 1, 1.82806252E-6, -0.99999994, 6.59753787E-5, 3.65216809E-4, 3.65247601E-4, -1.82119402E-6, 1))
	meshs(Cross, "Mesh", Vector3.new(1, 1, 1), Enum.MeshType.Wedge, "")
	e2.PrimaryPart = reffs
	coroutine.resume(coroutine.create(function()
		repeat
			swait()
			CFrame.new(x1, y1, z1)
			reffs.CFrame = clerp(an.CFrame, reffs.CFrame * CFrame.new(x1, y1, z1), 0.4)
			reffy.CFrame = reffy.CFrame:Lerp(CFrame.new(reffs.CFrame.p, mouse.hit.p), 0.4)
		until whaaa.Value == true
		sounds(reffy, "252625977", 1.8, 1.2)
		local detect = CFrame.new((reffy.Position + mouse.hit.p) / 2, mouse.hit.p)
		table.insert(crosses, {
			reffy,
			e2,
			detect.lookVector,
			reffy.Position,
			150,
			oaksdo,
			Trail22
		})
	end))
end
local function laser(eee)
	local ref2 = parts(e, "ref2", Vector3.new(0.199999928, 0.199999988, 0.199999988), color, Enum.Material.Neon, 0, 0)
	ref2.Anchored = true
	ref2.CFrame = eee.CFrame * CFrame.new(math.random(-250, 250), 600, math.random(-250, 250))
	local ref25 = parts(e, "ref25", Vector3.new(0.199999928, 0.199999988, 0.199999988), color, Enum.Material.Neon, 0, 0)
	ref25.Anchored = true
	ref25.CFrame = ref2.CFrame
	meshs(ref25, "Mesh", Vector3.new(300, 500, 300), Enum.MeshType.Sphere, "")
	local oof2 = create("CylinderMesh")({
		Parent = ref2,
		Scale = Vector3.new(300, 29999, 300),
		Offset = Vector3.new(0, 2999.5, 0)
	})
	coroutine.resume(coroutine.create(function()
		local alreadyhit = false
		for i = 1, 120 do
			swait()
			local detect = CFrame.new(ref2.Position + Vector3.new(0, -120, 0))
			local hit, pos = rayCast(ref2.Position, -detect.upVector / 2, 35, chr)
			ref2.CFrame = clerp(ref2.CFrame, CFrame.new(pos), 0.5)
			ref25.CFrame = clerp(ref25.CFrame, CFrame.new(pos), 0.5)
			if hit ~= nil and alreadyhit == false then
				alreadyhit = true
				break
			end
		end
		alreadyhit = true
		Mdamage("None", ref2, 36, math.random(25, 45), 0, "")
		sounds(ref2, "218321903", 1.5, 0.9)
		sounds(ref2, "334846438", 1.3, 0.6)
		effect(e, color, CFrame.new(ref2.Position) * CFrame.Angles(0, math.rad(-360, 360), 0), 2, 1, 2, 8, 2, 8, 0.04, "FileMesh", 2, math.random(-10, 10), "20329976")
		effect(e, color, CFrame.new(ref2.Position), 20, 1, 20, 18, 0.01, 18, 0.023, "Sphere", 7)
		effect(e, color, CFrame.new(ref2.Position), 20, 1, 20, 25, 0.01, 25, 0.0274, "Sphere", 7)
		local hh = 0
		local hj = 80
		local hk = 0.045
		local hl = 36
		local ree = Efect:Clone()
		ree.Parent = ref2
		ree.Enabled = true
		for i = 1, 60 do
			swait()
			hh = hh + 1
			hj = hj - 0.8
			hk = hk + 0.001
			hl = hl - 0.3
			Mdamage("None", ref2, hl, 1, 0.01, "")
			ree.Speed = NumberRange.new(hl * 6)
			ree.Size = NumberSequence.new({
				NumberSequenceKeypoint.new(0, hl * 0.5),
				NumberSequenceKeypoint.new(1, hl * 0.1)
			})
			ref25.Mesh.Scale = ref25.Mesh.Scale - Vector3.new(4.9, 0, 4.9)
			oof2.Scale = oof2.Scale - Vector3.new(4.9, 0, 4.9)
		end
		ree.Enabled = false
		ref2.Transparency = 1
		ref25.Transparency = 1
		game:GetService("Debris"):AddItem(ref2, 4)
		game:GetService("Debris"):AddItem(ref25, 4)
	end))
end
function What()
	attack = true
	attack = false
end
function idk1()
	attack = true
	local as = Cube.CFrame:toObjectSpace(main.CFrame):inverse()
	CubeWeld.C0 = as
	CubeWeld.Part0 = Root
	hum.WalkSpeed = 0
	hum.JumpPower = 0
	hum.AutoRotate = false
	sounds(Cube, "1452040709", 1.1, 1.2)
	effect(e, color, Cube.CFrame, 5, 5, 5, 4, 4, 4, 0.04, "Sphere", 3, 0, "", Cube)
	local aim = CFrame.new(Root.Position, mouse.Hit.p)
	local direction = aim.lookVector
	local faceto = math.atan2(direction.x, direction.z)
	local faceto = math.rad(faceto)
	for i = 0, 1, 0.06 do
		swait()
		aim = CFrame.new(Root.Position, mouse.Hit.p)
		direction = aim.lookVector
		faceto = math.atan2(direction.x, direction.z)
		faceto = math.deg(faceto)
		Root.CFrame = clerp(Root.CFrame, CFrame.new(Root.Position) * CFrame.Angles(0, math.rad(faceto - 180), 0), 0.4)
		RJ.C0 = clerp(RJ.C0, CFrame.new(0, 0, 0, 1, -4.68375339E-17, 0, -4.68375339E-17, 1, 0, 0, 0, 1) * CFrame.new(0, 0, 0) * CFrame.Angles(0, 0, 0), 0.25)
		Neck.C0 = clerp(Neck.C0, CFrame.new(9.50672984E-7, 1.5324347, 0.101000369, 1, 3.34200578E-9, 2.53483492E-8, 3.6266381E-9, 0.962855399, -0.270017833, -2.53091912E-8, 0.270017862, 0.962855399) * CFrame.new(0, 0, 0) * CFrame.Angles(0, 0, 0), 0.25)
		RS.C0 = clerp(RS.C0, CFrame.new(1.31959105, 1.517416, -0.00789651088, 0.992839336, 0.119457632, 1.00140221E-6, 0.119456023, -0.992825985, -0.00518712262, -6.18647144E-4, 0.00515009882, -0.999986589) * CFrame.new(0, 0, 0) * CFrame.Angles(0, 0, 0), 0.25)
		LS.C0 = clerp(LS.C0, CFrame.new(-1.30247545, 1.61470997, 0.00832868367, 0.989566624, -0.144076049, -5.89913543E-6, -0.143966123, -0.9888134, 0.0390129089, -0.00562665798, -0.0386050232, -0.999238729) * CFrame.new(0, 0, 0) * CFrame.Angles(0, 0, 0), 0.25)
		RH.C0 = clerp(RH.C0, CFrame.new(0.500011444, -2.00008392, 0, 1, -4.68375339E-17, 0, -4.68375339E-17, 1, 0, 0, 0, 1) * CFrame.new(0, 0, 0) * CFrame.Angles(0, 0, 0), 0.25)
		LH.C0 = clerp(LH.C0, CFrame.new(-0.500022888, -2.00008202, -3.81469727E-6, 1, -4.68375339E-17, 0, -4.68375339E-17, 1, 0, 0, 0, 1) * CFrame.new(0, 0, 0) * CFrame.Angles(0, 0, 0), 0.25)
		CubeWeld.C0 = clerp(CubeWeld.C0, CFrame.new(-0.00100136921, 3.76662302, 0.103378534, -1, 2.53090811E-8, -3.64420849E-9, -3.6646095E-9, 3.03187389E-5, 0.999993742, 2.5309193E-8, 1, -3.03185625E-5) * CFrame.new(0, 0, 0) * CFrame.Angles(math.rad(doe * 2), math.rad(doe * 2), math.rad(doe * 2)), 0.2)
	end
	for i = 0, 1, 0.07 do
		swait()
		aim = CFrame.new(Root.Position, mouse.Hit.p)
		direction = aim.lookVector
		faceto = math.atan2(direction.x, direction.z)
		faceto = math.deg(faceto)
		Root.CFrame = clerp(Root.CFrame, CFrame.new(Root.Position) * CFrame.Angles(0, math.rad(faceto - 180), 0), 0.4)
		RJ.C0 = clerp(RJ.C0, CFrame.new(9.60936404E-7, -0.0909818709, 0.273896694, 1, 4.53680205E-9, 2.51619774E-8, 3.6266381E-9, 0.949011266, -0.315242112, -2.53091912E-8, 0.315242141, 0.949011266) * CFrame.new(0, 0, 0) * CFrame.Angles(0, 0, 0), 0.3)
		Neck.C0 = clerp(Neck.C0, CFrame.new(0, 1.37337303, 0.107132673, 1, 0, 0, 0, 0.995335221, -0.096478045, 0, 0.0964780748, 0.995335221) * CFrame.new(0, 0, 0) * CFrame.Angles(0, 0, 0), 0.4)
		RS.C0 = clerp(RS.C0, CFrame.new(1.36920965, 1.29857612, 0.102419689, 0.992839336, 0.105623432, -0.0558015704, 0.113170102, -0.981205881, 0.156292796, -0.0382446498, -0.161488771, -0.986133218) * CFrame.new(0, 0, 0) * CFrame.Angles(0, 0, 0), 0.3)
		LS.C0 = clerp(LS.C0, CFrame.new(-1.36361814, 1.39983165, 0.253942698, 0.989566624, -0.122978799, 0.0750604048, -0.138397664, -0.956193089, 0.257955402, 0.0400491916, -0.26565221, -0.963236809) * CFrame.new(0, 0, 0) * CFrame.Angles(0, 0, 0), 0.3)
		RH.C0 = clerp(RH.C0, CFrame.new(0.50001049, -1.89810228, 0.341903567, 1, 3.6266381E-9, -2.53091912E-8, 4.53680205E-9, 0.949011266, 0.315242141, 2.51619774E-8, -0.315242112, 0.949011266) * CFrame.new(0, 0, 0) * CFrame.Angles(0, 0, 0), 0.3)
		LH.C0 = clerp(LH.C0, CFrame.new(-0.500023842, -1.89810169, 0.341899365, 1, 3.6266381E-9, -2.53091912E-8, 4.53680205E-9, 0.949011266, 0.315242141, 2.51619774E-8, -0.315242112, 0.949011266) * CFrame.new(0, 0, 0) * CFrame.Angles(0, 0, 0), 0.3)
		CubeWeld.C0 = clerp(CubeWeld.C0, CFrame.new(-0.00100133976, 3.40562487, 1.21593833, -1, 2.53090811E-8, -3.64420849E-9, -3.6646095E-9, 3.03187389E-5, 0.999993742, 2.5309193E-8, 1, -3.03185625E-5) * CFrame.new(0, 0, 0) * CFrame.Angles(math.rad(doe * 2), math.rad(doe * 2), math.rad(doe * 2)), 0.2)
	end
	local ref = parts(e, "ref", Vector3.new(1, 1, 4), "New Yeller", Enum.Material.Neon, 0, 1)
	ref.CFrame = CFrame.new(mouse.Hit.p)
	local aa = create("BodyVelocity")({
		Parent = ref,
		MaxForce = Vector3.new(math.huge, math.huge, math.huge),
		Velocity = ref.CFrame.lookVector * 0
	})
	as = Cube.CFrame:toObjectSpace(ref.CFrame):inverse()
	CubeWeld.C0 = as
	CubeWeld.Part0 = ref
	ea = true
	sounds(Root, "860448713", 1.1, 1)
	for i = 0, 1, 0.05 do
		swait()
		RJ.C0 = clerp(RJ.C0, CFrame.new(9.45481588E-7, -0.0520538352, -0.331164598, 1, -1.16282681E-8, 2.27704007E-8, 3.6266381E-9, 0.946098626, 0.323878855, -2.53091912E-8, -0.323878855, 0.946098626) * CFrame.new(0, 0, 0) * CFrame.Angles(0, 0, 0), 0.3)
		Neck.C0 = clerp(Neck.C0, CFrame.new(0, 1.52994943, -0.0821220428, 1, 0, 0, 0, 0.984855652, 0.173376948, 0, -0.173376948, 0.984855652) * CFrame.new(0, 0, 0) * CFrame.Angles(0, 0, 0), 0.3)
		RS.C0 = clerp(RS.C0, CFrame.new(1.12598777, 0.581086516, -0.956983328, 0.947525978, 0.298011035, 0.115689255, 0.131396726, -0.0331522822, -0.990775466, -0.291426599, 0.953986704, -0.0705703497) * CFrame.new(0, 0, 0) * CFrame.Angles(0, 0, 0), 0.3)
		LS.C0 = clerp(LS.C0, CFrame.new(-0.979296505, 0.614786446, -1.05503738, 0.964489341, -0.262767047, 0.0267188121, 0.0267549306, -0.00344124436, -0.999636292, 0.262763441, 0.964853227, 0.0037112534) * CFrame.new(0, 0, 0) * CFrame.Angles(0, 0, 0), 0.3)
		RH.C0 = clerp(RH.C0, CFrame.new(0.50001049, -1.95028663, -0.317610919, 1, 3.6266381E-9, -2.53091912E-8, -1.16282681E-8, 0.946098626, -0.323878855, 2.27704007E-8, 0.323878855, 0.946098626) * CFrame.new(0, 0, 0) * CFrame.Angles(0, 0, 0), 0.3)
		LH.C0 = clerp(LH.C0, CFrame.new(-0.500023842, -1.95028353, -0.31761393, 1, 3.6266381E-9, -2.53091912E-8, -1.16282681E-8, 0.946098626, -0.323878855, 2.27704007E-8, 0.323878855, 0.946098626) * CFrame.new(0, 0, 0) * CFrame.Angles(0, 0, 0), 0.3)
		CubeWeld.C0 = clerp(CubeWeld.C0, CFrame.new(0, 1, 0) * CFrame.Angles(math.rad(doe * 2), math.rad(doe * 2), math.rad(doe * 2)), 0.08)
	end
	attack = false
	hum.AutoRotate = true
	hum.WalkSpeed = Speedz.Value
	hum.JumpPower = Jumpz.Value
	coroutine.resume(coroutine.create(function()
		coroutine.resume(coroutine.create(function()
			while ea == true do
				swait()
				CubeWeld.C0 = clerp(CubeWeld.C0, CFrame.new(0, 1, 0) * CFrame.Angles(math.rad(doe * 4), math.rad(doe * 4), math.rad(doe * 4)), 0.08)
			end
		end))
		swait(60)
		sounds(Cube, "169380469", 2, 1.3)
		local aa = 0.5
		effect(e, color, Cube.CFrame, 400, 400, 400, -6, -6, -6, -0.015, "Sphere", 5)
		for i = 1, 100 do
			swait()
			aa = aa + 0.1
			effect(e, color, Cube.CFrame * CFrame.Angles(math.rad(math.random(-360, 360)), math.rad(math.random(-360, 360)), math.rad(math.random(-360, 360))), aa * 6, aa * 6, aa * 20, 0, 0, 0, 0.05, "Sphere", 4, aa)
			effect(e, color, Cube.CFrame * CFrame.new(math.random(-1, 1) * 5, math.random(-1, 1) * 5, math.random(-1, 1) * 5) * CFrame.Angles(math.rad(math.random(-360, 360)), math.rad(math.random(-360, 360)), math.rad(math.random(-360, 360))), aa * 6, aa * 6, aa * 20, 0, 0, 0, 0.05, "Sphere", 4, aa / 2)
		end
		sounds(Cube, "1073489397", 1.5, 1.2)
		sounds(Cube, "1237044904", 1.5, 1.1)
		sounds(Cube, "585802464", 1.5, 1.2)
		local efec = parts(e, "hit", Vector3.new(0.2, 3, 0.2), color, Enum.Material.Neon, 0, 0)
		local lazytomeshs = create("CylinderMesh")({
			Parent = efec,
			Scale = Vector3.new(800, 29999, 800)
		})
		efec.CFrame = CFrame.new(Cube.Position) * CFrame.Angles(0, 0, 0)
		efec.Anchored = true
		local b = 89
		effect(e, color, CFrame.new(Cube.Position), 20, 1, 20, 24, 0.01, 24, 0.009, "Sphere", 7)
		effect(e, color, CFrame.new(Cube.Position), 20, 1, 20, 30, 0.01, 30, 0.014, "Sphere", 7)
		local ree = Efect:Clone()
		ree.Parent = efec
		ree.Enabled = true
		for i = 1, 200 do
			swait()
			Mdamage("None", Cube, b, math.random(1, 3) / 2, 0, "")
			aa = aa - 0.05
			b = b - 0.5
			ree.Speed = NumberRange.new(aa * 45)
			ree.Size = NumberSequence.new({
				NumberSequenceKeypoint.new(0, aa * 4),
				NumberSequenceKeypoint.new(1, aa * 1.5)
			})
			lazytomeshs.Scale = lazytomeshs.Scale - Vector3.new(4, 0, 4)
			effect(e, color, CFrame.new(Cube.Position + Vector3.new(math.random(-aa * 20, aa * 20), math.random(-160, 160), math.random(-aa * 20, aa * 20))), 240, 240, 240, -7, -7, -7, 0.04, "Sphere", 7)
			effect(e, color, CFrame.new(Cube.Position) * CFrame.new(math.random(-aa * 21, aa * 21), math.random(-160, 160), math.random(-aa * 21, aa * 21)) * CFrame.Angles(math.rad(90), 0, 0), 80, 80, 120, -1, -1, 8, 0.045, "Sphere", 4, -8)
			effect(e, color, CFrame.new(Cube.Position) * CFrame.Angles(0, math.rad(-360, 360), 0), aa * 4, aa, aa * 4, 8, 2, 8, 0.06, "FileMesh", 2, math.random(-10, 10), "20329976")
		end
		ree.Enabled = false
		swait(50)
		game:GetService("Debris"):AddItem(efec, 3)
		game:GetService("Debris"):AddItem(ref, 2)
		ea = false
		as = Cube.CFrame:toObjectSpace(main.CFrame):inverse()
		CubeWeld.C0 = as
	end))
end
function idk2()
	attack = true
	ea = true
	local as = Cube.CFrame:toObjectSpace(main.CFrame):inverse()
	CubeWeld.C0 = as
	CubeWeld.Part0 = RArm
	hum.WalkSpeed = 0
	hum.JumpPower = 0
	for i = 0, 1, 0.08 do
		swait()
		RJ.C0 = clerp(RJ.C0, CFrame.new(-5.93243749E-6, 2.14995313E-11, 7.09826736E-7, 0.928567767, -3.62740549E-9, -0.371162891, 1.12565585E-5, 1, 2.8151655E-5, 0.371162891, -3.03187353E-5, 0.928567767) * CFrame.new(0, 0, 0) * CFrame.Angles(0, 0, 0), 0.2)
		Neck.C0 = clerp(Neck.C0, CFrame.new(-0.0346583128, 1.48674023, -0.0644454211, 0.880889475, -0.114495724, 0.459265113, 0, 0.970301628, 0.241898194, -0.473321974, -0.213085577, 0.85472852) * CFrame.new(0, 0, 0) * CFrame.Angles(0, 0, 0), 0.2)
		RS.C0 = clerp(RS.C0, CFrame.new(1.08155298, 0.170574233, -0.989316583, 0.0714998469, 0.357521892, 0.931163847, 0.933718264, 0.30433622, -0.188546404, -0.350796312, 0.88292563, -0.312064707) * CFrame.new(0, 0, 0) * CFrame.Angles(0, 0, 0), 0.2)
		LS.C0 = clerp(LS.C0, CFrame.new(-1.63014674, 0.116438389, 0.0159141868, 0.937015891, 0.347774088, -0.0324712694, -0.345783979, 0.936734855, 0.054417599, 0.0493420064, -0.039762117, 0.997990131) * CFrame.new(0, 0, 0) * CFrame.Angles(0, 0, 0), 0.2)
		RH.C0 = clerp(RH.C0, CFrame.new(0.49999693, -2.00008202, -3.44067812E-5, 0.977368593, 0, 0.211543977, 0, 1, 0, -0.211543977, 0, 0.977368593) * CFrame.new(0, 0, 0) * CFrame.Angles(0, 0, 0), 0.2)
		LH.C0 = clerp(LH.C0, CFrame.new(-0.500038981, -2.00007915, -3.61800194E-5, 0.962690234, 0, 0.270605892, 0, 1, 0, -0.270605892, 0, 0.962690234) * CFrame.new(0, 0, 0) * CFrame.Angles(0, 0, 0), 0.2)
		CubeWeld.C0 = clerp(CubeWeld.C0, CFrame.new(0.239963442, -2.09175873, -5.73575497E-4, -0.196595043, -0.299200058, 0.933712423, -0.00427403022, 0.95255518, 0.304334313, -0.980475545, 0.0558402538, -0.188545227) * CFrame.Angles(math.rad(doe * 2), math.rad(doe * 2), math.rad(doe * 2)), 0.3)
	end
	sounds(Cube, "1452040709", 1.1, 1.2)
	sounds(Cube, "166218031", 1.1, 3)
